{
 "cells": [
  {
   "cell_type": "markdown",
   "id": "39fdfdf1",
   "metadata": {},
   "source": [
    "# Covarience and correlation"
   ]
  },
  {
   "cell_type": "code",
   "execution_count": 3,
   "id": "36db8b56",
   "metadata": {},
   "outputs": [],
   "source": [
    "import pandas as pd\n",
    "import seaborn as sns"
   ]
  },
  {
   "cell_type": "code",
   "execution_count": 6,
   "id": "e9073f9c",
   "metadata": {},
   "outputs": [],
   "source": [
    "df=sns.load_dataset('exercise')"
   ]
  },
  {
   "cell_type": "code",
   "execution_count": 7,
   "id": "751ac4b7",
   "metadata": {},
   "outputs": [
    {
     "data": {
      "text/html": [
       "<div>\n",
       "<style scoped>\n",
       "    .dataframe tbody tr th:only-of-type {\n",
       "        vertical-align: middle;\n",
       "    }\n",
       "\n",
       "    .dataframe tbody tr th {\n",
       "        vertical-align: top;\n",
       "    }\n",
       "\n",
       "    .dataframe thead th {\n",
       "        text-align: right;\n",
       "    }\n",
       "</style>\n",
       "<table border=\"1\" class=\"dataframe\">\n",
       "  <thead>\n",
       "    <tr style=\"text-align: right;\">\n",
       "      <th></th>\n",
       "      <th>Unnamed: 0</th>\n",
       "      <th>id</th>\n",
       "      <th>diet</th>\n",
       "      <th>pulse</th>\n",
       "      <th>time</th>\n",
       "      <th>kind</th>\n",
       "    </tr>\n",
       "  </thead>\n",
       "  <tbody>\n",
       "    <tr>\n",
       "      <th>0</th>\n",
       "      <td>0</td>\n",
       "      <td>1</td>\n",
       "      <td>low fat</td>\n",
       "      <td>85</td>\n",
       "      <td>1 min</td>\n",
       "      <td>rest</td>\n",
       "    </tr>\n",
       "    <tr>\n",
       "      <th>1</th>\n",
       "      <td>1</td>\n",
       "      <td>1</td>\n",
       "      <td>low fat</td>\n",
       "      <td>85</td>\n",
       "      <td>15 min</td>\n",
       "      <td>rest</td>\n",
       "    </tr>\n",
       "    <tr>\n",
       "      <th>2</th>\n",
       "      <td>2</td>\n",
       "      <td>1</td>\n",
       "      <td>low fat</td>\n",
       "      <td>88</td>\n",
       "      <td>30 min</td>\n",
       "      <td>rest</td>\n",
       "    </tr>\n",
       "    <tr>\n",
       "      <th>3</th>\n",
       "      <td>3</td>\n",
       "      <td>2</td>\n",
       "      <td>low fat</td>\n",
       "      <td>90</td>\n",
       "      <td>1 min</td>\n",
       "      <td>rest</td>\n",
       "    </tr>\n",
       "    <tr>\n",
       "      <th>4</th>\n",
       "      <td>4</td>\n",
       "      <td>2</td>\n",
       "      <td>low fat</td>\n",
       "      <td>92</td>\n",
       "      <td>15 min</td>\n",
       "      <td>rest</td>\n",
       "    </tr>\n",
       "  </tbody>\n",
       "</table>\n",
       "</div>"
      ],
      "text/plain": [
       "   Unnamed: 0  id     diet  pulse    time  kind\n",
       "0           0   1  low fat     85   1 min  rest\n",
       "1           1   1  low fat     85  15 min  rest\n",
       "2           2   1  low fat     88  30 min  rest\n",
       "3           3   2  low fat     90   1 min  rest\n",
       "4           4   2  low fat     92  15 min  rest"
      ]
     },
     "execution_count": 7,
     "metadata": {},
     "output_type": "execute_result"
    }
   ],
   "source": [
    "df.head()"
   ]
  },
  {
   "cell_type": "code",
   "execution_count": 14,
   "id": "11f40592",
   "metadata": {},
   "outputs": [],
   "source": [
    "df=df.drop(['Unnamed: 0'],axis=1)"
   ]
  },
  {
   "cell_type": "code",
   "execution_count": 15,
   "id": "29ace37e",
   "metadata": {},
   "outputs": [
    {
     "data": {
      "text/html": [
       "<div>\n",
       "<style scoped>\n",
       "    .dataframe tbody tr th:only-of-type {\n",
       "        vertical-align: middle;\n",
       "    }\n",
       "\n",
       "    .dataframe tbody tr th {\n",
       "        vertical-align: top;\n",
       "    }\n",
       "\n",
       "    .dataframe thead th {\n",
       "        text-align: right;\n",
       "    }\n",
       "</style>\n",
       "<table border=\"1\" class=\"dataframe\">\n",
       "  <thead>\n",
       "    <tr style=\"text-align: right;\">\n",
       "      <th></th>\n",
       "      <th>id</th>\n",
       "      <th>diet</th>\n",
       "      <th>pulse</th>\n",
       "      <th>time</th>\n",
       "      <th>kind</th>\n",
       "    </tr>\n",
       "  </thead>\n",
       "  <tbody>\n",
       "    <tr>\n",
       "      <th>0</th>\n",
       "      <td>1</td>\n",
       "      <td>low fat</td>\n",
       "      <td>85</td>\n",
       "      <td>1 min</td>\n",
       "      <td>rest</td>\n",
       "    </tr>\n",
       "    <tr>\n",
       "      <th>1</th>\n",
       "      <td>1</td>\n",
       "      <td>low fat</td>\n",
       "      <td>85</td>\n",
       "      <td>15 min</td>\n",
       "      <td>rest</td>\n",
       "    </tr>\n",
       "    <tr>\n",
       "      <th>2</th>\n",
       "      <td>1</td>\n",
       "      <td>low fat</td>\n",
       "      <td>88</td>\n",
       "      <td>30 min</td>\n",
       "      <td>rest</td>\n",
       "    </tr>\n",
       "    <tr>\n",
       "      <th>3</th>\n",
       "      <td>2</td>\n",
       "      <td>low fat</td>\n",
       "      <td>90</td>\n",
       "      <td>1 min</td>\n",
       "      <td>rest</td>\n",
       "    </tr>\n",
       "    <tr>\n",
       "      <th>4</th>\n",
       "      <td>2</td>\n",
       "      <td>low fat</td>\n",
       "      <td>92</td>\n",
       "      <td>15 min</td>\n",
       "      <td>rest</td>\n",
       "    </tr>\n",
       "    <tr>\n",
       "      <th>...</th>\n",
       "      <td>...</td>\n",
       "      <td>...</td>\n",
       "      <td>...</td>\n",
       "      <td>...</td>\n",
       "      <td>...</td>\n",
       "    </tr>\n",
       "    <tr>\n",
       "      <th>85</th>\n",
       "      <td>29</td>\n",
       "      <td>no fat</td>\n",
       "      <td>135</td>\n",
       "      <td>15 min</td>\n",
       "      <td>running</td>\n",
       "    </tr>\n",
       "    <tr>\n",
       "      <th>86</th>\n",
       "      <td>29</td>\n",
       "      <td>no fat</td>\n",
       "      <td>130</td>\n",
       "      <td>30 min</td>\n",
       "      <td>running</td>\n",
       "    </tr>\n",
       "    <tr>\n",
       "      <th>87</th>\n",
       "      <td>30</td>\n",
       "      <td>no fat</td>\n",
       "      <td>99</td>\n",
       "      <td>1 min</td>\n",
       "      <td>running</td>\n",
       "    </tr>\n",
       "    <tr>\n",
       "      <th>88</th>\n",
       "      <td>30</td>\n",
       "      <td>no fat</td>\n",
       "      <td>111</td>\n",
       "      <td>15 min</td>\n",
       "      <td>running</td>\n",
       "    </tr>\n",
       "    <tr>\n",
       "      <th>89</th>\n",
       "      <td>30</td>\n",
       "      <td>no fat</td>\n",
       "      <td>150</td>\n",
       "      <td>30 min</td>\n",
       "      <td>running</td>\n",
       "    </tr>\n",
       "  </tbody>\n",
       "</table>\n",
       "<p>90 rows × 5 columns</p>\n",
       "</div>"
      ],
      "text/plain": [
       "    id     diet  pulse    time     kind\n",
       "0    1  low fat     85   1 min     rest\n",
       "1    1  low fat     85  15 min     rest\n",
       "2    1  low fat     88  30 min     rest\n",
       "3    2  low fat     90   1 min     rest\n",
       "4    2  low fat     92  15 min     rest\n",
       "..  ..      ...    ...     ...      ...\n",
       "85  29   no fat    135  15 min  running\n",
       "86  29   no fat    130  30 min  running\n",
       "87  30   no fat     99   1 min  running\n",
       "88  30   no fat    111  15 min  running\n",
       "89  30   no fat    150  30 min  running\n",
       "\n",
       "[90 rows x 5 columns]"
      ]
     },
     "execution_count": 15,
     "metadata": {},
     "output_type": "execute_result"
    }
   ],
   "source": [
    "df"
   ]
  },
  {
   "cell_type": "code",
   "execution_count": 16,
   "id": "76327366",
   "metadata": {},
   "outputs": [
    {
     "data": {
      "text/html": [
       "<div>\n",
       "<style scoped>\n",
       "    .dataframe tbody tr th:only-of-type {\n",
       "        vertical-align: middle;\n",
       "    }\n",
       "\n",
       "    .dataframe tbody tr th {\n",
       "        vertical-align: top;\n",
       "    }\n",
       "\n",
       "    .dataframe thead th {\n",
       "        text-align: right;\n",
       "    }\n",
       "</style>\n",
       "<table border=\"1\" class=\"dataframe\">\n",
       "  <thead>\n",
       "    <tr style=\"text-align: right;\">\n",
       "      <th></th>\n",
       "      <th>id</th>\n",
       "      <th>diet</th>\n",
       "      <th>pulse</th>\n",
       "      <th>time</th>\n",
       "      <th>kind</th>\n",
       "    </tr>\n",
       "  </thead>\n",
       "  <tbody>\n",
       "    <tr>\n",
       "      <th>0</th>\n",
       "      <td>1</td>\n",
       "      <td>low fat</td>\n",
       "      <td>85</td>\n",
       "      <td>1 min</td>\n",
       "      <td>rest</td>\n",
       "    </tr>\n",
       "    <tr>\n",
       "      <th>1</th>\n",
       "      <td>1</td>\n",
       "      <td>low fat</td>\n",
       "      <td>85</td>\n",
       "      <td>15 min</td>\n",
       "      <td>rest</td>\n",
       "    </tr>\n",
       "    <tr>\n",
       "      <th>2</th>\n",
       "      <td>1</td>\n",
       "      <td>low fat</td>\n",
       "      <td>88</td>\n",
       "      <td>30 min</td>\n",
       "      <td>rest</td>\n",
       "    </tr>\n",
       "    <tr>\n",
       "      <th>3</th>\n",
       "      <td>2</td>\n",
       "      <td>low fat</td>\n",
       "      <td>90</td>\n",
       "      <td>1 min</td>\n",
       "      <td>rest</td>\n",
       "    </tr>\n",
       "    <tr>\n",
       "      <th>4</th>\n",
       "      <td>2</td>\n",
       "      <td>low fat</td>\n",
       "      <td>92</td>\n",
       "      <td>15 min</td>\n",
       "      <td>rest</td>\n",
       "    </tr>\n",
       "  </tbody>\n",
       "</table>\n",
       "</div>"
      ],
      "text/plain": [
       "   id     diet  pulse    time  kind\n",
       "0   1  low fat     85   1 min  rest\n",
       "1   1  low fat     85  15 min  rest\n",
       "2   1  low fat     88  30 min  rest\n",
       "3   2  low fat     90   1 min  rest\n",
       "4   2  low fat     92  15 min  rest"
      ]
     },
     "execution_count": 16,
     "metadata": {},
     "output_type": "execute_result"
    }
   ],
   "source": [
    "df.head()"
   ]
  },
  {
   "cell_type": "code",
   "execution_count": 19,
   "id": "e1de1ddf",
   "metadata": {},
   "outputs": [],
   "source": [
    "import numpy as np\n",
    "import pandas as pd"
   ]
  },
  {
   "cell_type": "code",
   "execution_count": 22,
   "id": "75ba31cb",
   "metadata": {},
   "outputs": [
    {
     "name": "stderr",
     "output_type": "stream",
     "text": [
      "C:\\Users\\chand\\AppData\\Local\\Temp\\ipykernel_25256\\1545644723.py:1: FutureWarning: The default value of numeric_only in DataFrame.cov is deprecated. In a future version, it will default to False. Select only valid columns or specify the value of numeric_only to silence this warning.\n",
      "  df.cov()\n"
     ]
    },
    {
     "data": {
      "text/html": [
       "<div>\n",
       "<style scoped>\n",
       "    .dataframe tbody tr th:only-of-type {\n",
       "        vertical-align: middle;\n",
       "    }\n",
       "\n",
       "    .dataframe tbody tr th {\n",
       "        vertical-align: top;\n",
       "    }\n",
       "\n",
       "    .dataframe thead th {\n",
       "        text-align: right;\n",
       "    }\n",
       "</style>\n",
       "<table border=\"1\" class=\"dataframe\">\n",
       "  <thead>\n",
       "    <tr style=\"text-align: right;\">\n",
       "      <th></th>\n",
       "      <th>id</th>\n",
       "      <th>pulse</th>\n",
       "    </tr>\n",
       "  </thead>\n",
       "  <tbody>\n",
       "    <tr>\n",
       "      <th>id</th>\n",
       "      <td>75.758427</td>\n",
       "      <td>87.814607</td>\n",
       "    </tr>\n",
       "    <tr>\n",
       "      <th>pulse</th>\n",
       "      <td>87.814607</td>\n",
       "      <td>220.774157</td>\n",
       "    </tr>\n",
       "  </tbody>\n",
       "</table>\n",
       "</div>"
      ],
      "text/plain": [
       "              id       pulse\n",
       "id     75.758427   87.814607\n",
       "pulse  87.814607  220.774157"
      ]
     },
     "execution_count": 22,
     "metadata": {},
     "output_type": "execute_result"
    }
   ],
   "source": [
    "df.cov()"
   ]
  },
  {
   "cell_type": "code",
   "execution_count": 23,
   "id": "4e86b9e2",
   "metadata": {},
   "outputs": [
    {
     "name": "stderr",
     "output_type": "stream",
     "text": [
      "C:\\Users\\chand\\AppData\\Local\\Temp\\ipykernel_25256\\1134722465.py:1: FutureWarning: The default value of numeric_only in DataFrame.corr is deprecated. In a future version, it will default to False. Select only valid columns or specify the value of numeric_only to silence this warning.\n",
      "  df.corr()\n"
     ]
    },
    {
     "data": {
      "text/html": [
       "<div>\n",
       "<style scoped>\n",
       "    .dataframe tbody tr th:only-of-type {\n",
       "        vertical-align: middle;\n",
       "    }\n",
       "\n",
       "    .dataframe tbody tr th {\n",
       "        vertical-align: top;\n",
       "    }\n",
       "\n",
       "    .dataframe thead th {\n",
       "        text-align: right;\n",
       "    }\n",
       "</style>\n",
       "<table border=\"1\" class=\"dataframe\">\n",
       "  <thead>\n",
       "    <tr style=\"text-align: right;\">\n",
       "      <th></th>\n",
       "      <th>id</th>\n",
       "      <th>pulse</th>\n",
       "    </tr>\n",
       "  </thead>\n",
       "  <tbody>\n",
       "    <tr>\n",
       "      <th>id</th>\n",
       "      <td>1.000000</td>\n",
       "      <td>0.679012</td>\n",
       "    </tr>\n",
       "    <tr>\n",
       "      <th>pulse</th>\n",
       "      <td>0.679012</td>\n",
       "      <td>1.000000</td>\n",
       "    </tr>\n",
       "  </tbody>\n",
       "</table>\n",
       "</div>"
      ],
      "text/plain": [
       "             id     pulse\n",
       "id     1.000000  0.679012\n",
       "pulse  0.679012  1.000000"
      ]
     },
     "execution_count": 23,
     "metadata": {},
     "output_type": "execute_result"
    }
   ],
   "source": [
    "df.corr()"
   ]
  },
  {
   "cell_type": "code",
   "execution_count": 27,
   "id": "b99860c1",
   "metadata": {},
   "outputs": [
    {
     "name": "stderr",
     "output_type": "stream",
     "text": [
      "C:\\Users\\chand\\AppData\\Local\\Temp\\ipykernel_25256\\1222267885.py:1: FutureWarning: The default value of numeric_only in DataFrame.corr is deprecated. In a future version, it will default to False. Select only valid columns or specify the value of numeric_only to silence this warning.\n",
      "  df.corr(method='spearman')\n"
     ]
    },
    {
     "data": {
      "text/html": [
       "<div>\n",
       "<style scoped>\n",
       "    .dataframe tbody tr th:only-of-type {\n",
       "        vertical-align: middle;\n",
       "    }\n",
       "\n",
       "    .dataframe tbody tr th {\n",
       "        vertical-align: top;\n",
       "    }\n",
       "\n",
       "    .dataframe thead th {\n",
       "        text-align: right;\n",
       "    }\n",
       "</style>\n",
       "<table border=\"1\" class=\"dataframe\">\n",
       "  <thead>\n",
       "    <tr style=\"text-align: right;\">\n",
       "      <th></th>\n",
       "      <th>id</th>\n",
       "      <th>pulse</th>\n",
       "    </tr>\n",
       "  </thead>\n",
       "  <tbody>\n",
       "    <tr>\n",
       "      <th>id</th>\n",
       "      <td>1.000000</td>\n",
       "      <td>0.701185</td>\n",
       "    </tr>\n",
       "    <tr>\n",
       "      <th>pulse</th>\n",
       "      <td>0.701185</td>\n",
       "      <td>1.000000</td>\n",
       "    </tr>\n",
       "  </tbody>\n",
       "</table>\n",
       "</div>"
      ],
      "text/plain": [
       "             id     pulse\n",
       "id     1.000000  0.701185\n",
       "pulse  0.701185  1.000000"
      ]
     },
     "execution_count": 27,
     "metadata": {},
     "output_type": "execute_result"
    }
   ],
   "source": [
    "df.corr(method='spearman')"
   ]
  },
  {
   "cell_type": "code",
   "execution_count": 28,
   "id": "32a88039",
   "metadata": {},
   "outputs": [],
   "source": [
    "import seaborn as sns"
   ]
  },
  {
   "cell_type": "code",
   "execution_count": 30,
   "id": "25d95e96",
   "metadata": {},
   "outputs": [],
   "source": [
    "df=sns.load_dataset('diamonds')"
   ]
  },
  {
   "cell_type": "code",
   "execution_count": 31,
   "id": "ee5fbb55",
   "metadata": {},
   "outputs": [
    {
     "data": {
      "text/html": [
       "<div>\n",
       "<style scoped>\n",
       "    .dataframe tbody tr th:only-of-type {\n",
       "        vertical-align: middle;\n",
       "    }\n",
       "\n",
       "    .dataframe tbody tr th {\n",
       "        vertical-align: top;\n",
       "    }\n",
       "\n",
       "    .dataframe thead th {\n",
       "        text-align: right;\n",
       "    }\n",
       "</style>\n",
       "<table border=\"1\" class=\"dataframe\">\n",
       "  <thead>\n",
       "    <tr style=\"text-align: right;\">\n",
       "      <th></th>\n",
       "      <th>carat</th>\n",
       "      <th>cut</th>\n",
       "      <th>color</th>\n",
       "      <th>clarity</th>\n",
       "      <th>depth</th>\n",
       "      <th>table</th>\n",
       "      <th>price</th>\n",
       "      <th>x</th>\n",
       "      <th>y</th>\n",
       "      <th>z</th>\n",
       "    </tr>\n",
       "  </thead>\n",
       "  <tbody>\n",
       "    <tr>\n",
       "      <th>0</th>\n",
       "      <td>0.23</td>\n",
       "      <td>Ideal</td>\n",
       "      <td>E</td>\n",
       "      <td>SI2</td>\n",
       "      <td>61.5</td>\n",
       "      <td>55.0</td>\n",
       "      <td>326</td>\n",
       "      <td>3.95</td>\n",
       "      <td>3.98</td>\n",
       "      <td>2.43</td>\n",
       "    </tr>\n",
       "    <tr>\n",
       "      <th>1</th>\n",
       "      <td>0.21</td>\n",
       "      <td>Premium</td>\n",
       "      <td>E</td>\n",
       "      <td>SI1</td>\n",
       "      <td>59.8</td>\n",
       "      <td>61.0</td>\n",
       "      <td>326</td>\n",
       "      <td>3.89</td>\n",
       "      <td>3.84</td>\n",
       "      <td>2.31</td>\n",
       "    </tr>\n",
       "    <tr>\n",
       "      <th>2</th>\n",
       "      <td>0.23</td>\n",
       "      <td>Good</td>\n",
       "      <td>E</td>\n",
       "      <td>VS1</td>\n",
       "      <td>56.9</td>\n",
       "      <td>65.0</td>\n",
       "      <td>327</td>\n",
       "      <td>4.05</td>\n",
       "      <td>4.07</td>\n",
       "      <td>2.31</td>\n",
       "    </tr>\n",
       "    <tr>\n",
       "      <th>3</th>\n",
       "      <td>0.29</td>\n",
       "      <td>Premium</td>\n",
       "      <td>I</td>\n",
       "      <td>VS2</td>\n",
       "      <td>62.4</td>\n",
       "      <td>58.0</td>\n",
       "      <td>334</td>\n",
       "      <td>4.20</td>\n",
       "      <td>4.23</td>\n",
       "      <td>2.63</td>\n",
       "    </tr>\n",
       "    <tr>\n",
       "      <th>4</th>\n",
       "      <td>0.31</td>\n",
       "      <td>Good</td>\n",
       "      <td>J</td>\n",
       "      <td>SI2</td>\n",
       "      <td>63.3</td>\n",
       "      <td>58.0</td>\n",
       "      <td>335</td>\n",
       "      <td>4.34</td>\n",
       "      <td>4.35</td>\n",
       "      <td>2.75</td>\n",
       "    </tr>\n",
       "    <tr>\n",
       "      <th>...</th>\n",
       "      <td>...</td>\n",
       "      <td>...</td>\n",
       "      <td>...</td>\n",
       "      <td>...</td>\n",
       "      <td>...</td>\n",
       "      <td>...</td>\n",
       "      <td>...</td>\n",
       "      <td>...</td>\n",
       "      <td>...</td>\n",
       "      <td>...</td>\n",
       "    </tr>\n",
       "    <tr>\n",
       "      <th>53935</th>\n",
       "      <td>0.72</td>\n",
       "      <td>Ideal</td>\n",
       "      <td>D</td>\n",
       "      <td>SI1</td>\n",
       "      <td>60.8</td>\n",
       "      <td>57.0</td>\n",
       "      <td>2757</td>\n",
       "      <td>5.75</td>\n",
       "      <td>5.76</td>\n",
       "      <td>3.50</td>\n",
       "    </tr>\n",
       "    <tr>\n",
       "      <th>53936</th>\n",
       "      <td>0.72</td>\n",
       "      <td>Good</td>\n",
       "      <td>D</td>\n",
       "      <td>SI1</td>\n",
       "      <td>63.1</td>\n",
       "      <td>55.0</td>\n",
       "      <td>2757</td>\n",
       "      <td>5.69</td>\n",
       "      <td>5.75</td>\n",
       "      <td>3.61</td>\n",
       "    </tr>\n",
       "    <tr>\n",
       "      <th>53937</th>\n",
       "      <td>0.70</td>\n",
       "      <td>Very Good</td>\n",
       "      <td>D</td>\n",
       "      <td>SI1</td>\n",
       "      <td>62.8</td>\n",
       "      <td>60.0</td>\n",
       "      <td>2757</td>\n",
       "      <td>5.66</td>\n",
       "      <td>5.68</td>\n",
       "      <td>3.56</td>\n",
       "    </tr>\n",
       "    <tr>\n",
       "      <th>53938</th>\n",
       "      <td>0.86</td>\n",
       "      <td>Premium</td>\n",
       "      <td>H</td>\n",
       "      <td>SI2</td>\n",
       "      <td>61.0</td>\n",
       "      <td>58.0</td>\n",
       "      <td>2757</td>\n",
       "      <td>6.15</td>\n",
       "      <td>6.12</td>\n",
       "      <td>3.74</td>\n",
       "    </tr>\n",
       "    <tr>\n",
       "      <th>53939</th>\n",
       "      <td>0.75</td>\n",
       "      <td>Ideal</td>\n",
       "      <td>D</td>\n",
       "      <td>SI2</td>\n",
       "      <td>62.2</td>\n",
       "      <td>55.0</td>\n",
       "      <td>2757</td>\n",
       "      <td>5.83</td>\n",
       "      <td>5.87</td>\n",
       "      <td>3.64</td>\n",
       "    </tr>\n",
       "  </tbody>\n",
       "</table>\n",
       "<p>53940 rows × 10 columns</p>\n",
       "</div>"
      ],
      "text/plain": [
       "       carat        cut color clarity  depth  table  price     x     y     z\n",
       "0       0.23      Ideal     E     SI2   61.5   55.0    326  3.95  3.98  2.43\n",
       "1       0.21    Premium     E     SI1   59.8   61.0    326  3.89  3.84  2.31\n",
       "2       0.23       Good     E     VS1   56.9   65.0    327  4.05  4.07  2.31\n",
       "3       0.29    Premium     I     VS2   62.4   58.0    334  4.20  4.23  2.63\n",
       "4       0.31       Good     J     SI2   63.3   58.0    335  4.34  4.35  2.75\n",
       "...      ...        ...   ...     ...    ...    ...    ...   ...   ...   ...\n",
       "53935   0.72      Ideal     D     SI1   60.8   57.0   2757  5.75  5.76  3.50\n",
       "53936   0.72       Good     D     SI1   63.1   55.0   2757  5.69  5.75  3.61\n",
       "53937   0.70  Very Good     D     SI1   62.8   60.0   2757  5.66  5.68  3.56\n",
       "53938   0.86    Premium     H     SI2   61.0   58.0   2757  6.15  6.12  3.74\n",
       "53939   0.75      Ideal     D     SI2   62.2   55.0   2757  5.83  5.87  3.64\n",
       "\n",
       "[53940 rows x 10 columns]"
      ]
     },
     "execution_count": 31,
     "metadata": {},
     "output_type": "execute_result"
    }
   ],
   "source": [
    "df"
   ]
  },
  {
   "cell_type": "code",
   "execution_count": 32,
   "id": "3ec247fe",
   "metadata": {},
   "outputs": [
    {
     "name": "stderr",
     "output_type": "stream",
     "text": [
      "C:\\Users\\chand\\AppData\\Local\\Temp\\ipykernel_25256\\1545644723.py:1: FutureWarning: The default value of numeric_only in DataFrame.cov is deprecated. In a future version, it will default to False. Select only valid columns or specify the value of numeric_only to silence this warning.\n",
      "  df.cov()\n"
     ]
    },
    {
     "data": {
      "text/html": [
       "<div>\n",
       "<style scoped>\n",
       "    .dataframe tbody tr th:only-of-type {\n",
       "        vertical-align: middle;\n",
       "    }\n",
       "\n",
       "    .dataframe tbody tr th {\n",
       "        vertical-align: top;\n",
       "    }\n",
       "\n",
       "    .dataframe thead th {\n",
       "        text-align: right;\n",
       "    }\n",
       "</style>\n",
       "<table border=\"1\" class=\"dataframe\">\n",
       "  <thead>\n",
       "    <tr style=\"text-align: right;\">\n",
       "      <th></th>\n",
       "      <th>carat</th>\n",
       "      <th>depth</th>\n",
       "      <th>table</th>\n",
       "      <th>price</th>\n",
       "      <th>x</th>\n",
       "      <th>y</th>\n",
       "      <th>z</th>\n",
       "    </tr>\n",
       "  </thead>\n",
       "  <tbody>\n",
       "    <tr>\n",
       "      <th>carat</th>\n",
       "      <td>0.224687</td>\n",
       "      <td>0.019167</td>\n",
       "      <td>0.192365</td>\n",
       "      <td>1.742765e+03</td>\n",
       "      <td>0.518484</td>\n",
       "      <td>0.515248</td>\n",
       "      <td>0.318917</td>\n",
       "    </tr>\n",
       "    <tr>\n",
       "      <th>depth</th>\n",
       "      <td>0.019167</td>\n",
       "      <td>2.052404</td>\n",
       "      <td>-0.946840</td>\n",
       "      <td>-6.085371e+01</td>\n",
       "      <td>-0.040641</td>\n",
       "      <td>-0.048009</td>\n",
       "      <td>0.095968</td>\n",
       "    </tr>\n",
       "    <tr>\n",
       "      <th>table</th>\n",
       "      <td>0.192365</td>\n",
       "      <td>-0.946840</td>\n",
       "      <td>4.992948</td>\n",
       "      <td>1.133318e+03</td>\n",
       "      <td>0.489643</td>\n",
       "      <td>0.468972</td>\n",
       "      <td>0.237996</td>\n",
       "    </tr>\n",
       "    <tr>\n",
       "      <th>price</th>\n",
       "      <td>1742.765364</td>\n",
       "      <td>-60.853712</td>\n",
       "      <td>1133.318064</td>\n",
       "      <td>1.591563e+07</td>\n",
       "      <td>3958.021491</td>\n",
       "      <td>3943.270810</td>\n",
       "      <td>2424.712613</td>\n",
       "    </tr>\n",
       "    <tr>\n",
       "      <th>x</th>\n",
       "      <td>0.518484</td>\n",
       "      <td>-0.040641</td>\n",
       "      <td>0.489643</td>\n",
       "      <td>3.958021e+03</td>\n",
       "      <td>1.258347</td>\n",
       "      <td>1.248789</td>\n",
       "      <td>0.768487</td>\n",
       "    </tr>\n",
       "    <tr>\n",
       "      <th>y</th>\n",
       "      <td>0.515248</td>\n",
       "      <td>-0.048009</td>\n",
       "      <td>0.468972</td>\n",
       "      <td>3.943271e+03</td>\n",
       "      <td>1.248789</td>\n",
       "      <td>1.304472</td>\n",
       "      <td>0.767320</td>\n",
       "    </tr>\n",
       "    <tr>\n",
       "      <th>z</th>\n",
       "      <td>0.318917</td>\n",
       "      <td>0.095968</td>\n",
       "      <td>0.237996</td>\n",
       "      <td>2.424713e+03</td>\n",
       "      <td>0.768487</td>\n",
       "      <td>0.767320</td>\n",
       "      <td>0.498011</td>\n",
       "    </tr>\n",
       "  </tbody>\n",
       "</table>\n",
       "</div>"
      ],
      "text/plain": [
       "             carat      depth        table         price            x  \\\n",
       "carat     0.224687   0.019167     0.192365  1.742765e+03     0.518484   \n",
       "depth     0.019167   2.052404    -0.946840 -6.085371e+01    -0.040641   \n",
       "table     0.192365  -0.946840     4.992948  1.133318e+03     0.489643   \n",
       "price  1742.765364 -60.853712  1133.318064  1.591563e+07  3958.021491   \n",
       "x         0.518484  -0.040641     0.489643  3.958021e+03     1.258347   \n",
       "y         0.515248  -0.048009     0.468972  3.943271e+03     1.248789   \n",
       "z         0.318917   0.095968     0.237996  2.424713e+03     0.768487   \n",
       "\n",
       "                 y            z  \n",
       "carat     0.515248     0.318917  \n",
       "depth    -0.048009     0.095968  \n",
       "table     0.468972     0.237996  \n",
       "price  3943.270810  2424.712613  \n",
       "x         1.248789     0.768487  \n",
       "y         1.304472     0.767320  \n",
       "z         0.767320     0.498011  "
      ]
     },
     "execution_count": 32,
     "metadata": {},
     "output_type": "execute_result"
    }
   ],
   "source": [
    "df.cov()"
   ]
  },
  {
   "cell_type": "code",
   "execution_count": 33,
   "id": "e8771c01",
   "metadata": {},
   "outputs": [
    {
     "name": "stderr",
     "output_type": "stream",
     "text": [
      "C:\\Users\\chand\\AppData\\Local\\Temp\\ipykernel_25256\\1222267885.py:1: FutureWarning: The default value of numeric_only in DataFrame.corr is deprecated. In a future version, it will default to False. Select only valid columns or specify the value of numeric_only to silence this warning.\n",
      "  df.corr(method='spearman')\n"
     ]
    },
    {
     "data": {
      "text/html": [
       "<div>\n",
       "<style scoped>\n",
       "    .dataframe tbody tr th:only-of-type {\n",
       "        vertical-align: middle;\n",
       "    }\n",
       "\n",
       "    .dataframe tbody tr th {\n",
       "        vertical-align: top;\n",
       "    }\n",
       "\n",
       "    .dataframe thead th {\n",
       "        text-align: right;\n",
       "    }\n",
       "</style>\n",
       "<table border=\"1\" class=\"dataframe\">\n",
       "  <thead>\n",
       "    <tr style=\"text-align: right;\">\n",
       "      <th></th>\n",
       "      <th>carat</th>\n",
       "      <th>depth</th>\n",
       "      <th>table</th>\n",
       "      <th>price</th>\n",
       "      <th>x</th>\n",
       "      <th>y</th>\n",
       "      <th>z</th>\n",
       "    </tr>\n",
       "  </thead>\n",
       "  <tbody>\n",
       "    <tr>\n",
       "      <th>carat</th>\n",
       "      <td>1.000000</td>\n",
       "      <td>0.030104</td>\n",
       "      <td>0.194980</td>\n",
       "      <td>0.962883</td>\n",
       "      <td>0.996117</td>\n",
       "      <td>0.995572</td>\n",
       "      <td>0.993183</td>\n",
       "    </tr>\n",
       "    <tr>\n",
       "      <th>depth</th>\n",
       "      <td>0.030104</td>\n",
       "      <td>1.000000</td>\n",
       "      <td>-0.245061</td>\n",
       "      <td>0.010020</td>\n",
       "      <td>-0.023442</td>\n",
       "      <td>-0.025425</td>\n",
       "      <td>0.103498</td>\n",
       "    </tr>\n",
       "    <tr>\n",
       "      <th>table</th>\n",
       "      <td>0.194980</td>\n",
       "      <td>-0.245061</td>\n",
       "      <td>1.000000</td>\n",
       "      <td>0.171784</td>\n",
       "      <td>0.202231</td>\n",
       "      <td>0.195734</td>\n",
       "      <td>0.159878</td>\n",
       "    </tr>\n",
       "    <tr>\n",
       "      <th>price</th>\n",
       "      <td>0.962883</td>\n",
       "      <td>0.010020</td>\n",
       "      <td>0.171784</td>\n",
       "      <td>1.000000</td>\n",
       "      <td>0.963196</td>\n",
       "      <td>0.962719</td>\n",
       "      <td>0.957232</td>\n",
       "    </tr>\n",
       "    <tr>\n",
       "      <th>x</th>\n",
       "      <td>0.996117</td>\n",
       "      <td>-0.023442</td>\n",
       "      <td>0.202231</td>\n",
       "      <td>0.963196</td>\n",
       "      <td>1.000000</td>\n",
       "      <td>0.997895</td>\n",
       "      <td>0.987355</td>\n",
       "    </tr>\n",
       "    <tr>\n",
       "      <th>y</th>\n",
       "      <td>0.995572</td>\n",
       "      <td>-0.025425</td>\n",
       "      <td>0.195734</td>\n",
       "      <td>0.962719</td>\n",
       "      <td>0.997895</td>\n",
       "      <td>1.000000</td>\n",
       "      <td>0.987068</td>\n",
       "    </tr>\n",
       "    <tr>\n",
       "      <th>z</th>\n",
       "      <td>0.993183</td>\n",
       "      <td>0.103498</td>\n",
       "      <td>0.159878</td>\n",
       "      <td>0.957232</td>\n",
       "      <td>0.987355</td>\n",
       "      <td>0.987068</td>\n",
       "      <td>1.000000</td>\n",
       "    </tr>\n",
       "  </tbody>\n",
       "</table>\n",
       "</div>"
      ],
      "text/plain": [
       "          carat     depth     table     price         x         y         z\n",
       "carat  1.000000  0.030104  0.194980  0.962883  0.996117  0.995572  0.993183\n",
       "depth  0.030104  1.000000 -0.245061  0.010020 -0.023442 -0.025425  0.103498\n",
       "table  0.194980 -0.245061  1.000000  0.171784  0.202231  0.195734  0.159878\n",
       "price  0.962883  0.010020  0.171784  1.000000  0.963196  0.962719  0.957232\n",
       "x      0.996117 -0.023442  0.202231  0.963196  1.000000  0.997895  0.987355\n",
       "y      0.995572 -0.025425  0.195734  0.962719  0.997895  1.000000  0.987068\n",
       "z      0.993183  0.103498  0.159878  0.957232  0.987355  0.987068  1.000000"
      ]
     },
     "execution_count": 33,
     "metadata": {},
     "output_type": "execute_result"
    }
   ],
   "source": [
    "df.corr(method='spearman')"
   ]
  },
  {
   "cell_type": "code",
   "execution_count": 35,
   "id": "1ac609fc",
   "metadata": {},
   "outputs": [
    {
     "name": "stderr",
     "output_type": "stream",
     "text": [
      "C:\\Users\\chand\\AppData\\Local\\Temp\\ipykernel_25256\\1800403310.py:2: FutureWarning: The default value of numeric_only in DataFrame.corr is deprecated. In a future version, it will default to False. Select only valid columns or specify the value of numeric_only to silence this warning.\n",
      "  df.corr(method='pearson')\n"
     ]
    },
    {
     "data": {
      "text/html": [
       "<div>\n",
       "<style scoped>\n",
       "    .dataframe tbody tr th:only-of-type {\n",
       "        vertical-align: middle;\n",
       "    }\n",
       "\n",
       "    .dataframe tbody tr th {\n",
       "        vertical-align: top;\n",
       "    }\n",
       "\n",
       "    .dataframe thead th {\n",
       "        text-align: right;\n",
       "    }\n",
       "</style>\n",
       "<table border=\"1\" class=\"dataframe\">\n",
       "  <thead>\n",
       "    <tr style=\"text-align: right;\">\n",
       "      <th></th>\n",
       "      <th>carat</th>\n",
       "      <th>depth</th>\n",
       "      <th>table</th>\n",
       "      <th>price</th>\n",
       "      <th>x</th>\n",
       "      <th>y</th>\n",
       "      <th>z</th>\n",
       "    </tr>\n",
       "  </thead>\n",
       "  <tbody>\n",
       "    <tr>\n",
       "      <th>carat</th>\n",
       "      <td>1.000000</td>\n",
       "      <td>0.028224</td>\n",
       "      <td>0.181618</td>\n",
       "      <td>0.921591</td>\n",
       "      <td>0.975094</td>\n",
       "      <td>0.951722</td>\n",
       "      <td>0.953387</td>\n",
       "    </tr>\n",
       "    <tr>\n",
       "      <th>depth</th>\n",
       "      <td>0.028224</td>\n",
       "      <td>1.000000</td>\n",
       "      <td>-0.295779</td>\n",
       "      <td>-0.010647</td>\n",
       "      <td>-0.025289</td>\n",
       "      <td>-0.029341</td>\n",
       "      <td>0.094924</td>\n",
       "    </tr>\n",
       "    <tr>\n",
       "      <th>table</th>\n",
       "      <td>0.181618</td>\n",
       "      <td>-0.295779</td>\n",
       "      <td>1.000000</td>\n",
       "      <td>0.127134</td>\n",
       "      <td>0.195344</td>\n",
       "      <td>0.183760</td>\n",
       "      <td>0.150929</td>\n",
       "    </tr>\n",
       "    <tr>\n",
       "      <th>price</th>\n",
       "      <td>0.921591</td>\n",
       "      <td>-0.010647</td>\n",
       "      <td>0.127134</td>\n",
       "      <td>1.000000</td>\n",
       "      <td>0.884435</td>\n",
       "      <td>0.865421</td>\n",
       "      <td>0.861249</td>\n",
       "    </tr>\n",
       "    <tr>\n",
       "      <th>x</th>\n",
       "      <td>0.975094</td>\n",
       "      <td>-0.025289</td>\n",
       "      <td>0.195344</td>\n",
       "      <td>0.884435</td>\n",
       "      <td>1.000000</td>\n",
       "      <td>0.974701</td>\n",
       "      <td>0.970772</td>\n",
       "    </tr>\n",
       "    <tr>\n",
       "      <th>y</th>\n",
       "      <td>0.951722</td>\n",
       "      <td>-0.029341</td>\n",
       "      <td>0.183760</td>\n",
       "      <td>0.865421</td>\n",
       "      <td>0.974701</td>\n",
       "      <td>1.000000</td>\n",
       "      <td>0.952006</td>\n",
       "    </tr>\n",
       "    <tr>\n",
       "      <th>z</th>\n",
       "      <td>0.953387</td>\n",
       "      <td>0.094924</td>\n",
       "      <td>0.150929</td>\n",
       "      <td>0.861249</td>\n",
       "      <td>0.970772</td>\n",
       "      <td>0.952006</td>\n",
       "      <td>1.000000</td>\n",
       "    </tr>\n",
       "  </tbody>\n",
       "</table>\n",
       "</div>"
      ],
      "text/plain": [
       "          carat     depth     table     price         x         y         z\n",
       "carat  1.000000  0.028224  0.181618  0.921591  0.975094  0.951722  0.953387\n",
       "depth  0.028224  1.000000 -0.295779 -0.010647 -0.025289 -0.029341  0.094924\n",
       "table  0.181618 -0.295779  1.000000  0.127134  0.195344  0.183760  0.150929\n",
       "price  0.921591 -0.010647  0.127134  1.000000  0.884435  0.865421  0.861249\n",
       "x      0.975094 -0.025289  0.195344  0.884435  1.000000  0.974701  0.970772\n",
       "y      0.951722 -0.029341  0.183760  0.865421  0.974701  1.000000  0.952006\n",
       "z      0.953387  0.094924  0.150929  0.861249  0.970772  0.952006  1.000000"
      ]
     },
     "execution_count": 35,
     "metadata": {},
     "output_type": "execute_result"
    }
   ],
   "source": [
    "##by defaultly it will select the pearson method for computation\n",
    "df.corr(method='pearson')"
   ]
  },
  {
   "cell_type": "code",
   "execution_count": 37,
   "id": "d8611060",
   "metadata": {},
   "outputs": [],
   "source": [
    "df=sns.load_dataset('penguins')"
   ]
  },
  {
   "cell_type": "code",
   "execution_count": 38,
   "id": "f9d5e970",
   "metadata": {},
   "outputs": [
    {
     "data": {
      "text/html": [
       "<div>\n",
       "<style scoped>\n",
       "    .dataframe tbody tr th:only-of-type {\n",
       "        vertical-align: middle;\n",
       "    }\n",
       "\n",
       "    .dataframe tbody tr th {\n",
       "        vertical-align: top;\n",
       "    }\n",
       "\n",
       "    .dataframe thead th {\n",
       "        text-align: right;\n",
       "    }\n",
       "</style>\n",
       "<table border=\"1\" class=\"dataframe\">\n",
       "  <thead>\n",
       "    <tr style=\"text-align: right;\">\n",
       "      <th></th>\n",
       "      <th>species</th>\n",
       "      <th>island</th>\n",
       "      <th>bill_length_mm</th>\n",
       "      <th>bill_depth_mm</th>\n",
       "      <th>flipper_length_mm</th>\n",
       "      <th>body_mass_g</th>\n",
       "      <th>sex</th>\n",
       "    </tr>\n",
       "  </thead>\n",
       "  <tbody>\n",
       "    <tr>\n",
       "      <th>0</th>\n",
       "      <td>Adelie</td>\n",
       "      <td>Torgersen</td>\n",
       "      <td>39.1</td>\n",
       "      <td>18.7</td>\n",
       "      <td>181.0</td>\n",
       "      <td>3750.0</td>\n",
       "      <td>Male</td>\n",
       "    </tr>\n",
       "    <tr>\n",
       "      <th>1</th>\n",
       "      <td>Adelie</td>\n",
       "      <td>Torgersen</td>\n",
       "      <td>39.5</td>\n",
       "      <td>17.4</td>\n",
       "      <td>186.0</td>\n",
       "      <td>3800.0</td>\n",
       "      <td>Female</td>\n",
